Version 0.9.7
6
 4 33 221 77 128 0 1
 5 225 403 206 81 2 2
 0 152 99 877 276 8 3
 3 1086 54 203 58 150 5
 6 1037 250 449 130 159 6
 0 714 401 877 276 306 8
 1
79
 8388736 5 465 204 465 204 465 252 283 252 283 269 283 269 0 3 0 3
 65535 5 244 269 244 269 244 246 387 246 387 204 387 204 0 3 0 3
 33023 5 517 308 513 308 513 325 231 325 231 308 231 308 0 3 0 3
 8388736 5 530 269 530 269 530 241 439 241 439 204 439 204 0 3 0 3
 8388736 5 361 165 361 165 361 169 478 169 478 165 478 165 0 3 0 3
 65535 5 426 308 426 308 426 314 309 314 309 308 309 308 0 3 0 3
 16711680 5 218 308 218 308 218 319 296 319 296 308 296 308 0 3 0 3
 8388736 5 205 308 205 308 205 313 283 313 283 308 283 308 0 3 0 3
 65535 5 309 165 309 165 309 158 398 158 398 165 400 165 0 3 0 3
 0 5 322 165 322 165 322 165 335 165 335 165 335 165 0 3 0 3
 33023 5 881 165 884 165 884 149 296 149 296 165 296 165 0 3 0 3
 33023 5 231 269 231 269 231 240 296 240 296 204 296 204 0 3 0 3
 8388736 5 452 165 452 165 452 158 621 158 621 165 621 165 0 3 0 3
 33023 5 634 165 634 159 878 159 878 178 881 178 881 178 0 3 0 3
 65793 5 647 165 647 165 647 165 660 165 660 165 660 165 0 3 0 3
 65535 5 400 178 400 178 400 173 673 173 673 178 673 178 0 3 0 3
 8388736 5 452 204 452 204 452 235 556 235 556 269 556 269 0 3 0 3
 65535 5 673 191 673 191 666 191 666 269 660 269 660 269 0 3 0 3
 8388736 5 556 308 556 308 556 313 621 313 621 308 621 308 0 3 0 3
 33023 5 517 295 519 295 519 315 543 315 543 308 543 308 0 3 0 3
 16711680 5 504 308 504 308 504 319 608 319 608 308 608 308 0 3 0 3
 0 5 634 308 634 308 634 316 647 316 647 308 647 308 0 3 0 3
 33023 5 673 269 673 269 673 229 907 229 907 204 907 204 0 3 0 3
 65535 5 764 165 764 165 764 144 673 144 673 165 673 165 0 3 0 3
 8388736 5 621 178 628 178 628 138 777 138 777 165 777 165 0 3 0 3
 33023 5 790 165 790 165 790 143 868 143 868 165 868 165 0 3 0 3
 32768 5 257 308 257 308 257 308 257 347 257 347 257 347 0 3 0 3
 32768 5 361 308 361 308 361 308 361 347 361 347 361 347 0 3 0 3
 32768 5 582 308 582 308 582 308 582 347 582 347 582 347 0 3 0 3
 32768 5 686 308 686 308 686 308 686 347 686 347 686 347 0 3 0 3
 32768 5 790 308 790 308 790 308 790 347 790 347 790 347 0 3 0 3
 32768 5 1097 91 1097 91 133 91 133 347 231 347 231 347 0 5 0 3
 32768 5 426 204 426 204 423 204 423 347 426 347 426 347 0 3 0 3
 32768 5 855 204 855 204 849 204 849 347 855 347 855 347 0 3 0 3
 255 5 179 204 179 204 140 204 140 378 218 378 218 360 0 3 0 3
 255 5 283 204 283 204 278 204 278 360 283 360 283 360 0 3 0 3
 255 5 400 308 400 308 400 308 400 360 400 360 400 360 0 3 0 3
 255 5 439 308 439 308 439 308 439 360 439 360 439 360 0 3 0 3
 255 5 465 308 465 308 465 308 465 360 465 360 465 360 0 3 0 3
 255 5 504 204 504 204 497 204 497 360 504 360 504 360 0 3 0 3
 255 5 608 204 608 204 608 204 608 360 608 360 608 360 0 3 0 3
 255 5 712 204 712 204 712 204 712 360 712 360 712 360 0 3 0 3
 255 5 829 308 829 308 829 308 829 360 829 360 829 360 0 3 0 3
 255 5 894 308 894 308 894 308 894 360 894 360 894 360 0 3 0 3
 16711680 5 686 204 686 204 686 245 855 245 855 269 855 269 0 3 0 3
 255 5 868 308 868 308 868 308 868 360 868 360 868 360 0 3 0 3
 32768 5 240 472 240 472 240 347 240 347 218 347 218 347 0 2 0 3
 255 5 240 414 240 414 231 414 231 414 231 360 231 360 0 2 0 3
 4210816 5 387 269 387 269 369 269 369 126 374 126 374 126 0 3 0 3
 4210816 5 452 269 452 269 446 269 446 126 452 126 452 126 0 3 0 3
 4210816 5 205 126 205 126 205 390 398 390 398 414 398 414 0 3 0 2
 16711680 5 842 204 842 204 842 261 296 261 296 269 296 269 0 3 0 3
 16711680 5 504 269 504 269 504 251 829 251 829 204 829 204 0 3 0 3
 16711680 5 569 269 569 269 569 238 816 238 816 204 816 204 0 3 0 3
 16711680 5 348 165 348 165 348 154 829 154 829 165 829 165 0 3 0 3
 33023 5 881 191 881 191 1272 191 1272 191 1272 98 1272 98 0 3 0 5
 16711680 5 829 178 829 178 1252 178 1252 178 1252 98 1252 98 0 3 0 5
 8388736 5 1232 98 1232 98 1232 178 1232 178 452 178 452 178 0 5 0 3
 65535 5 400 191 400 191 400 184 1212 184 1212 98 1212 98 0 3 0 5
 255 5 94 274 94 274 117 274 117 360 205 360 205 360 0 1 0 3
 32768 5 94 334 94 334 94 354 205 354 205 347 205 347 0 1 0 3
 16512 5 816 269 816 269 803 269 803 269 803 126 803 126 0 3 0 3
 16512 5 881 269 881 269 874 269 874 126 881 126 881 126 0 3 0 3
 255 5 767 467 767 467 767 360 767 360 738 360 738 360 0 8 0 3
 16776960 5 1464 373 1464 373 1464 498 793 498 793 506 793 506 0 6 0 8
 16776960 5 780 493 780 493 780 488 1451 488 1451 373 1451 373 0 8 0 6
 16776960 5 1438 373 1438 373 1438 506 1438 506 858 506 858 506 0 6 0 8
 16776960 5 1425 373 1425 373 1425 493 1425 493 845 493 845 493 0 6 0 8
 16776960 5 1412 373 1412 373 1412 480 1412 480 832 480 832 480 0 6 0 8
 16776960 5 1399 373 1399 373 1399 467 1399 467 819 467 819 467 0 6 0 8
 16776960 5 1386 373 1386 373 1386 400 806 400 806 467 806 467 0 6 0 8
 32768 5 842 347 842 347 842 571 842 571 858 571 858 571 0 3 0 8
 33023 5 881 204 881 204 881 610 881 610 845 610 845 610 0 3 0 8
 16711680 5 829 191 829 191 772 191 772 571 767 571 767 571 0 3 0 8
 8388736 5 452 191 452 191 458 191 458 578 780 578 780 584 0 3 0 8
 65535 5 400 204 400 204 400 610 400 610 832 610 832 610 0 3 0 8
 255 5 972 360 972 360 1053 360 1053 360 1053 277 1053 277 0 3 0 6
 255 5 816 360 816 360 816 571 816 571 819 571 819 571 0 3 0 8
 255 5 790 360 790 360 790 571 790 571 793 571 793 571 0 3 0 8
8
 7076 1 16 381 217 5 0 1952262988 1943104015 3
 7011 1 14 173 217 5 0 1952262988 1943104015 3
 7032 1 14 602 217 5 0 1952262988 1943104015 3
 7086 1 14 706 217 5 0 1952262988 1943104015 3
 7032 1 14 277 217 5 0 1952262988 1943104015 3
 7008 1 14 498 217 5 0 1952262988 1943104015 3
 7076 1 16 810 217 5 0 1952262988 1943104015 3
 7047 1 16 761 519 5 0 1952262988 1943104015 8
