   8.6901208e+01
   8.6203364e+01
   8.5501867e+01
   8.4796119e+01
   8.4085518e+01
   8.3369463e+01
   8.2647345e+01
   8.1918553e+01
   8.1182466e+01
   8.0438456e+01
   7.9685886e+01
   7.8924104e+01
   7.8152449e+01
   7.7370243e+01
   7.6576792e+01
   7.5771387e+01
   7.4953298e+01
   7.4121777e+01
   7.3276051e+01
   7.2415327e+01
   7.1538785e+01
   7.0645581e+01
   6.9734841e+01
   6.8805662e+01
   6.7857111e+01
   6.6888221e+01
   6.5897991e+01
   6.4885384e+01
   6.3849325e+01
   6.2788701e+01
   6.1702353e+01
   6.0589084e+01
   5.9447649e+01
   5.8276757e+01
   5.7075068e+01
   5.5841191e+01
   5.4573682e+01
   5.3271044e+01
   5.1931722e+01
   5.0554104e+01
   5.1587480e+01
   5.2652813e+01
   5.3750928e+01
   5.4882647e+01
   5.6048787e+01
   5.7250159e+01
   5.8487559e+01
   5.9761762e+01
   6.1073518e+01
   6.2423542e+01
   6.3812503e+01
   6.5241018e+01
   6.6709633e+01
   6.8218816e+01
   6.9768932e+01
   7.1360233e+01
   7.2992830e+01
   7.4666672e+01
   7.6381517e+01
   7.8136904e+01
   7.9932117e+01
   8.1766150e+01
   8.3637668e+01
   8.5544968e+01
   8.7485929e+01
   8.9457979e+01
   9.1458050e+01
   9.3482543e+01
   9.5527304e+01
   9.7587601e+01
   9.9658133e+01
   1.0173304e+02
   1.0380596e+02
   1.0587008e+02
   1.0791825e+02
   1.0994312e+02
   1.1193726e+02
   1.1389335e+02
   1.1580438e+02
   1.1766379e+02
   1.1946565e+02
   1.2120478e+02
   1.2287691e+02
   1.2447867e+02
   1.2600766e+02
   1.2746241e+02
   1.2884235e+02
   1.3014769e+02
   1.3137939e+02
   1.3253899e+02
   1.3362852e+02
   1.3465041e+02
   1.3560738e+02
   1.3650235e+02
   1.3733835e+02
   1.3811849e+02
   1.3884588e+02
   1.3952358e+02
   1.4015460e+02
   1.4074185e+02
   1.4128811e+02
   1.4179607e+02
   1.4226826e+02
   1.4270710e+02
   1.4311485e+02
   1.4349365e+02
   1.4384551e+02
   1.4417231e+02
   1.4447581e+02
   1.4475764e+02
   1.4501935e+02
   1.4526236e+02
   1.4548800e+02
   1.4569750e+02
   1.4589203e+02
   1.4607264e+02
   1.4624034e+02
   1.4639604e+02
   1.4654061e+02
   1.4667485e+02
   1.4679949e+02
   1.4691522e+02
   1.4702268e+02
   1.4712246e+02
   1.4721512e+02
   1.4730116e+02
   1.4738105e+02
   1.4745524e+02
   1.4752413e+02
   1.4758811e+02
   1.4764752e+02
   1.4770269e+02
   1.4775393e+02
   1.4780151e+02
   1.4784570e+02
   1.4788674e+02
   1.4792485e+02
   1.4796025e+02
   1.4799312e+02
   1.4802365e+02
   1.4729159e+02
   1.4661130e+02
   1.4597940e+02
   1.4539262e+02
   1.4484789e+02
   1.4434230e+02
   1.4387310e+02
   1.4343771e+02
   1.4303373e+02
   1.4265891e+02
   1.4231113e+02
   1.4198846e+02
   1.4168907e+02
   1.4141127e+02
   1.4115349e+02
   1.4091428e+02
   1.4069229e+02
   1.4048627e+02
   1.4029505e+02
   1.4011757e+02
   1.3995282e+02
   1.3979988e+02
   1.3965790e+02
   1.3952608e+02
   1.3940369e+02
   1.3929004e+02
   1.3918452e+02
   1.3908652e+02
   1.3899552e+02
   1.3891100e+02
   1.3883250e+02
   1.3875959e+02
   1.3869187e+02
   1.3862897e+02
   1.3857053e+02
   1.3851626e+02
   1.3846583e+02
   1.3841899e+02
   1.3837547e+02
   1.3833504e+02
   1.3829747e+02
   1.3826257e+02
   1.3823014e+02
   1.3820001e+02
   1.3817202e+02
   1.3814601e+02
   1.3812184e+02
   1.3809938e+02
   1.3807851e+02
   1.3805912e+02
   1.3804110e+02
   1.3802435e+02
   1.3800879e+02
   1.3799433e+02
   1.3798089e+02
   1.3796841e+02
   1.3795680e+02
   1.3794602e+02
   1.3793600e+02
   1.3792668e+02
   1.3791803e+02
   1.3790998e+02
   1.3790251e+02
   1.3789556e+02
   1.3788910e+02
   1.3788310e+02
   1.3787753e+02
   1.3787235e+02
   1.3786753e+02
   1.3786305e+02
   1.3785889e+02
   1.3785503e+02
   1.3785144e+02
   1.3784810e+02
   1.3784499e+02
   1.3784211e+02
   1.3783943e+02
   1.3783694e+02
   1.3783462e+02
   1.3783247e+02
   1.3783047e+02
   1.3782861e+02
   1.3782688e+02
   1.3782528e+02
   1.3782379e+02
   1.3782240e+02
   1.3782111e+02
   1.3781991e+02
   1.3781880e+02
   1.3781777e+02
   1.3781680e+02
   1.3781591e+02
   1.3781508e+02
   1.3781431e+02
   1.3781359e+02
   1.3781292e+02
   1.3781230e+02
   1.3781173e+02
   1.3781119e+02
   1.3781069e+02
   1.3781023e+02
