   1.2932000e+02
   1.2932000e+02
   1.2956400e+02
   1.3151600e+02
   1.3420000e+02
   1.3664000e+02
   1.3932400e+02
   1.4176400e+02
   1.4420400e+02
   1.4615600e+02
   1.4859600e+02
   1.5054800e+02
   1.5225600e+02
   1.5420800e+02
   1.5542800e+02
   1.5664800e+02
   1.5762400e+02
   1.5860000e+02
   1.5957600e+02
   1.6079600e+02
   1.6177200e+02
   1.6226000e+02
   1.6274800e+02
   1.6372400e+02
   1.6421200e+02
   1.6518800e+02
   1.6616400e+02
   1.6714000e+02
   1.6787200e+02
   1.6860400e+02
   1.6909200e+02
   1.6933600e+02
   1.6982400e+02
   1.7031200e+02
   1.7055600e+02
   1.7104400e+02
   1.7153200e+02
   1.7202000e+02
   1.7250800e+02
   1.7275200e+02
   1.7299600e+02
   1.7324000e+02
   1.7348400e+02
   1.7397200e+02
   1.7372800e+02
   1.7372800e+02
   1.7421600e+02
   1.7494800e+02
   1.7568000e+02
   1.7592400e+02
   1.7592400e+02
   1.7616800e+02
   1.7690000e+02
   1.7714400e+02
   1.7763200e+02
   1.7812000e+02
   1.7787600e+02
   1.7836400e+02
   1.7836400e+02
   1.7836400e+02
   1.7885200e+02
   1.7909600e+02
   1.7958400e+02
   1.7982800e+02
   1.8007200e+02
   1.8031600e+02
   1.8031600e+02
   1.8080400e+02
   1.8080400e+02
   1.8129200e+02
   1.8153600e+02
   1.8202400e+02
   1.8202400e+02
   1.8202400e+02
   1.8202400e+02
   1.8226800e+02
   1.8251200e+02
   1.8275600e+02
   1.8300000e+02
   1.8300000e+02
   1.8300000e+02
   1.8348800e+02
   1.8373200e+02
   1.8397600e+02
   1.8422000e+02
   1.8422000e+02
   1.8446400e+02
   1.8470800e+02
   1.8495200e+02
   1.8446400e+02
   1.8422000e+02
   1.8446400e+02
   1.8470800e+02
   1.8519600e+02
   1.8544000e+02
   1.8568400e+02
   1.8544000e+02
   1.8568400e+02
   1.8592800e+02
   1.8617200e+02
   1.8617200e+02
   1.8641600e+02
   1.8641600e+02
   1.8641600e+02
   1.8641600e+02
   1.8617200e+02
   1.8617200e+02
   1.8641600e+02
   1.8690400e+02
   1.8739200e+02
   1.8763600e+02
   1.8763600e+02
   1.8788000e+02
   1.8788000e+02
   1.8788000e+02
   1.8788000e+02
   1.8788000e+02
   1.8763600e+02
   1.8788000e+02
   1.8788000e+02
   1.8788000e+02
   1.8788000e+02
   1.8812400e+02
   1.8836800e+02
   1.8836800e+02
   1.8836800e+02
   1.8861200e+02
   1.8788000e+02
   1.8788000e+02
   1.8788000e+02
   1.8812400e+02
   1.8812400e+02
   1.8836800e+02
   1.8910000e+02
   1.8934400e+02
   1.8934400e+02
   1.8934400e+02
   1.8958800e+02
   1.8910000e+02
   1.8934400e+02
   1.8983200e+02
   1.9032000e+02
   1.9007600e+02
   1.8983200e+02
   1.8983200e+02
   1.9032000e+02
   1.9056400e+02
   1.9056400e+02
   1.9032000e+02
   1.8958800e+02
   1.8958800e+02
   1.9007600e+02
   1.9007600e+02
   1.9007600e+02
   1.9007600e+02
   1.9032000e+02
   1.9007600e+02
   1.9032000e+02
   1.9032000e+02
   1.9056400e+02
   1.9056400e+02
   1.9056400e+02
   1.9032000e+02
   1.9032000e+02
   1.9032000e+02
   1.9032000e+02
   1.9056400e+02
   1.9105200e+02
   1.9154000e+02
   1.9129600e+02
   1.9129600e+02
   1.9129600e+02
   1.9129600e+02
   1.9129600e+02
   1.9178400e+02
   1.9129600e+02
   1.9129600e+02
   1.9154000e+02
   1.9202800e+02
   1.9154000e+02
   1.9178400e+02
   1.9178400e+02
   1.9154000e+02
   1.9105200e+02
   1.9105200e+02
   1.9105200e+02
   1.9080800e+02
   1.9080800e+02
   1.9105200e+02
   1.9105200e+02
   1.9105200e+02
   1.9129600e+02
   1.9154000e+02
   1.9154000e+02
   1.9154000e+02
   1.9178400e+02
   1.9202800e+02
   1.9202800e+02
   1.9202800e+02
   1.9202800e+02
   1.9202800e+02
   1.9154000e+02
   1.8958800e+02
   1.8617200e+02
   1.8178000e+02
   1.7763200e+02
   1.7397200e+02
   1.7006800e+02
   1.6616400e+02
   1.6299200e+02
   1.6006400e+02
   1.5762400e+02
   1.5518400e+02
   1.5323200e+02
   1.5103600e+02
   1.4932800e+02
   1.4713200e+02
   1.4518000e+02
   1.4322800e+02
   1.4200800e+02
   1.4054400e+02
   1.3932400e+02
   1.3834800e+02
   1.3712800e+02
   1.3615200e+02
   1.3542000e+02
   1.3444400e+02
   1.3346800e+02
   1.3273600e+02
   1.3151600e+02
   1.3029600e+02
   1.2932000e+02
   1.2858800e+02
   1.2785600e+02
   1.2712400e+02
   1.2639200e+02
   1.2541600e+02
   1.2468400e+02
   1.2395200e+02
   1.2346400e+02
   1.2273200e+02
   1.2200000e+02
   1.2151200e+02
   1.2078000e+02
   1.2053600e+02
   1.1980400e+02
   1.1931600e+02
   1.1858400e+02
   1.1785200e+02
   1.1736400e+02
   1.1687600e+02
   1.1638800e+02
   1.1614400e+02
   1.1565600e+02
   1.1541200e+02
   1.1468000e+02
   1.1443600e+02
   1.1394800e+02
   1.1370400e+02
   1.1297200e+02
   1.1272800e+02
   1.1224000e+02
   1.1199600e+02
   1.1175200e+02
   1.1175200e+02
   1.1175200e+02
   1.1150800e+02
   1.1126400e+02
   1.1102000e+02
   1.1126400e+02
   1.1077600e+02
   1.1028800e+02
   1.1004400e+02
   1.0980000e+02
   1.0931200e+02
   1.0955600e+02
   1.0955600e+02
   1.0955600e+02
   1.0931200e+02
   1.0882400e+02
   1.0809200e+02
   1.0736000e+02
   1.0687200e+02
   1.0662800e+02
   1.0614000e+02
   1.0589600e+02
   1.0565200e+02
   1.0540800e+02
   1.0492000e+02
   1.0467600e+02
   1.0418800e+02
   1.0370000e+02
   1.0345600e+02
   1.0321200e+02
   1.0296800e+02
   1.0248000e+02
   1.0223600e+02
   1.0174800e+02
   1.0150400e+02
   1.0126000e+02
   1.0126000e+02
   1.0101600e+02
   1.0077200e+02
   1.0052800e+02
   1.0052800e+02
   1.0028400e+02
   9.9796000e+01
   9.9308000e+01
   9.9308000e+01
   9.9308000e+01
   9.9064000e+01
   9.8820000e+01
   9.8576000e+01
   9.8576000e+01
   9.8088000e+01
   9.7844000e+01
   9.7600000e+01
   9.7112000e+01
   9.6868000e+01
   9.6624000e+01
   9.6868000e+01
   9.6624000e+01
   9.6624000e+01
   9.6380000e+01
   9.5892000e+01
   9.5892000e+01
   9.5892000e+01
   9.5404000e+01
   9.5648000e+01
   9.5404000e+01
   9.5160000e+01
   9.4916000e+01
   9.4672000e+01
   9.4672000e+01
   9.4428000e+01
   9.4428000e+01
   9.4184000e+01
   9.3940000e+01
   9.3696000e+01
   9.3696000e+01
   9.3696000e+01
   9.3208000e+01
   9.2964000e+01
   9.2720000e+01
   9.2720000e+01
   9.2476000e+01
   9.2476000e+01
   9.2476000e+01
   9.2476000e+01
   9.2476000e+01
   9.2476000e+01
   9.1988000e+01
   9.1988000e+01
   9.1744000e+01
   9.1744000e+01
   9.1500000e+01
   9.1012000e+01
   9.1012000e+01
   9.0768000e+01
   9.0768000e+01
   9.0768000e+01
   9.0768000e+01
   9.1012000e+01
   9.0768000e+01
   9.0524000e+01
   9.0280000e+01
   9.0280000e+01
   9.0036000e+01
   8.9792000e+01
   8.9548000e+01
   8.9548000e+01
   8.9548000e+01
   8.9304000e+01
   8.9304000e+01
   8.9060000e+01
   8.9060000e+01
   8.8816000e+01
   8.8572000e+01
   8.8572000e+01
   8.8816000e+01
   8.8572000e+01
   8.8328000e+01
   8.8084000e+01
   8.7840000e+01
   8.7352000e+01
   8.7596000e+01
   8.7352000e+01
   8.7352000e+01
   8.7352000e+01
   8.7108000e+01
   8.7108000e+01
   8.7108000e+01
   8.7108000e+01
   8.6864000e+01
   8.7108000e+01
   8.6864000e+01
   8.6620000e+01
   8.6620000e+01
   8.6620000e+01
   8.6376000e+01
   8.6132000e+01
   8.5888000e+01
   8.6864000e+01
   8.9548000e+01
   9.3208000e+01
   9.7356000e+01
   1.0150400e+02
   1.0516400e+02
   1.0882400e+02
   1.1199600e+02
   1.1492400e+02
   1.1736400e+02
   1.1931600e+02
   1.2151200e+02
   1.2346400e+02
   1.2492800e+02
   1.2663600e+02
   1.2810000e+02
   1.2956400e+02
   1.3078400e+02
   1.3200400e+02
   1.3322400e+02
   1.3420000e+02
   1.3517600e+02
   1.3615200e+02
   1.3688400e+02
   1.3810400e+02
   1.3883600e+02
   1.3932400e+02
   1.4030000e+02
   1.4127600e+02
   1.4176400e+02
   1.4200800e+02
   1.4274000e+02
   1.4396000e+02
   1.4444800e+02
   1.4518000e+02
   1.4591200e+02
   1.4664400e+02
   1.4737600e+02
   1.4762000e+02
   1.4835200e+02
   1.4884000e+02
   1.4908400e+02
   1.4957200e+02
   1.5006000e+02
   1.5030400e+02
   1.5054800e+02
   1.5103600e+02
   1.5152400e+02
   1.5250000e+02
   1.5298800e+02
   1.5323200e+02
   1.5372000e+02
   1.5420800e+02
   1.5469600e+02
   1.5518400e+02
   1.5567200e+02
   1.5567200e+02
   1.5567200e+02
   1.5591600e+02
   1.5616000e+02
   1.5640400e+02
   1.5640400e+02
   1.5689200e+02
   1.5738000e+02
   1.5762400e+02
   1.5811200e+02
   1.5860000e+02
   1.5860000e+02
   1.5908800e+02
   1.5957600e+02
   1.5933200e+02
   1.5933200e+02
   1.5957600e+02
   1.5982000e+02
   1.5982000e+02
   1.5982000e+02
   1.6006400e+02
   1.6030800e+02
   1.6055200e+02
   1.6079600e+02
   1.6079600e+02
   1.6079600e+02
   1.6104000e+02
   1.6152800e+02
   1.6177200e+02
   1.6177200e+02
   1.6201600e+02
   1.6250400e+02
   1.6250400e+02
   1.6274800e+02
   1.6274800e+02
   1.6274800e+02
   1.6299200e+02
   1.6323600e+02
   1.6323600e+02
   1.6299200e+02
   1.6323600e+02
   1.6348000e+02
   1.6372400e+02
   1.6396800e+02
   1.6299200e+02
   1.6030800e+02
   1.5591600e+02
   1.5128000e+02
   1.4664400e+02
   1.4274000e+02
   1.3908000e+02
   1.3615200e+02
   1.3322400e+02
   1.3078400e+02
   1.2858800e+02
   1.2663600e+02
   1.2517200e+02
   1.2322000e+02
   1.2175600e+02
   1.2029200e+02
   1.1882800e+02
   1.1736400e+02
   1.1590000e+02
   1.1468000e+02
   1.1346000e+02
   1.1224000e+02
   1.1126400e+02
   1.1028800e+02
   1.0906800e+02
   1.0760400e+02
   1.0662800e+02
   1.0565200e+02
   1.0467600e+02
   1.0394400e+02
   1.0296800e+02
   1.0223600e+02
   1.0150400e+02
   1.0028400e+02
   9.9796000e+01
   9.9308000e+01
   9.8332000e+01
   9.7844000e+01
   9.7356000e+01
   9.6868000e+01
   9.6380000e+01
   9.5892000e+01
   9.5160000e+01
   9.4672000e+01
   9.4184000e+01
   9.3696000e+01
   9.3208000e+01
   9.2964000e+01
   9.2476000e+01
   9.1988000e+01
   9.1256000e+01
   9.0768000e+01
   9.0280000e+01
   8.9792000e+01
   8.9548000e+01
   8.9060000e+01
   8.8084000e+01
   8.7596000e+01
