7.294984346028080324e+00
1.289967004254162397e+01
1.698483485610420729e+01
2.150965942632392469e+01
2.501042743245818656e+01
2.745990475846835466e+01
2.936620411963052035e+01
3.138942877367835749e+01
3.309202018156631198e+01
3.424780116921528617e+01
3.594413847814477236e+01
3.779175292812337972e+01
3.976249704820767761e+01
4.098318539527969051e+01
4.197224321288744164e+01
4.281609513957585023e+01
4.389415222468655742e+01
4.440522442553348981e+01
4.524045734165217425e+01
4.580334474351287355e+01
4.649403069416947432e+01
4.725699958936458245e+01
4.760300966114915155e+01
4.890987043238273202e+01
4.910691302268749325e+01
4.930437430449455860e+01
4.991108485474924805e+01
5.019553489842574834e+01
5.070840456449376177e+01
5.106301690736977861e+01
5.169964202697161681e+01
5.155670662759883527e+01
5.204016298065308632e+01
5.170254540961926892e+01
5.201514325609267075e+01
5.260247620928561219e+01
5.270287747621539154e+01
5.294957215366565606e+01
5.308617269076601985e+01
5.317176707115142165e+01
5.351307720567650961e+01
5.437763308423706121e+01
5.568900025834671652e+01
5.658186918599073323e+01
5.799777018556422092e+01
5.884920751895252522e+01
5.872977791693919158e+01
5.844178461788902723e+01
5.830408560031484910e+01
6.011438591944758514e+01
6.126793905865579148e+01
6.278739763419813613e+01
6.213809935750551006e+01
6.134024772470635867e+01
6.059410700867353228e+01
6.242308416044755859e+01
6.307158583755134629e+01
6.474888700201549341e+01
6.493159026337228568e+01
6.561919002267403300e+01
6.696598526924087480e+01
6.730993841663868693e+01
6.742336637043509029e+01
6.696319348141994965e+01
6.564336975557272069e+01
6.565732385528272630e+01
6.682240214282828106e+01
6.641633403920052103e+01
6.636252170295668407e+01
6.575201329825560492e+01
6.614904890471827059e+01
6.662682950593675457e+01
6.500478785830567574e+01
6.646125176135871016e+01
6.695080416878671770e+01
6.675185055440064730e+01
6.684856894537902861e+01
6.658060091858730800e+01
6.699150912894255328e+01
6.682398525786481969e+01
6.764719365265206363e+01
6.707636085848507435e+01
6.715868375277655389e+01
6.758723749070212250e+01
6.708575423950919969e+01
6.794659214535425917e+01
6.960705743323326544e+01
6.962833424006591088e+01
7.147428821759170603e+01
7.174138646548509257e+01
7.227512202991617585e+01
7.205923558808871121e+01
7.329483724691631608e+01
7.329667647948458864e+01
7.372267308868670455e+01
7.365625338779460662e+01
7.403936855039914633e+01
7.586566793442122503e+01
7.634854243243334793e+01
7.669704560395324222e+01
7.777476409998963902e+01
7.800151863999205659e+01
7.992797864499046057e+01
8.062641630338251275e+01
8.121089585569735902e+01
8.102164511391900703e+01
8.150502168949829240e+01
8.277598464194011285e+01
8.198029971088654122e+01
8.215030298537608644e+01
8.262689104812777430e+01
8.234908528618153412e+01
8.076080635140837671e+01
8.415690966012020624e+01
8.391742537576644168e+01
8.395914907864930399e+01
8.329205613734519886e+01
8.263063002558875780e+01
8.210589725723279741e+01
8.173005695097900514e+01
8.256280292792757791e+01
8.152861288779915583e+01
8.081660478300820216e+01
8.112255296278995331e+01
8.174828853918324967e+01
8.229359899411798551e+01
8.247222608016561196e+01
8.266605661089988644e+01
8.313535678796529282e+01
8.271896318370129109e+01
8.386843169365575079e+01
8.364722651648726526e+01
8.370209653561359175e+01
8.452066716312695860e+01
8.269281981929954384e+01
8.295797860339047247e+01
8.379734810654365162e+01
8.423764607286244654e+01
8.425802027750746959e+01
8.304791675271400209e+01
8.297496454383131947e+01
8.257976506486518531e+01
8.329347635733743971e+01
8.350022052568458264e+01
8.326443662324516026e+01
8.369630321174726362e+01
8.365382720880442946e+01
8.440021428427597527e+01
8.301614949556112322e+01
8.333724682085851043e+01
8.308048092175597787e+01
8.232123734868646636e+01
8.374238578356450091e+01
8.400599308314902203e+01
8.482260042363533614e+01
8.528481041693399334e+01
8.426799616862003006e+01
8.277691866299086598e+01
8.281533715819716690e+01
8.360796914433977634e+01
8.279312505339827055e+01
8.355474363120170267e+01
8.304651169198969285e+01
8.291453970502611526e+01
8.289667020658737329e+01
8.289498792425420959e+01
8.344814853781970498e+01
8.377166685505433463e+01
8.371121522826311434e+01
8.372110621766182703e+01
8.378070652811614138e+01
8.414563206805235041e+01
8.435740329135791171e+01
8.406433304341165069e+01
8.302899806832742513e+01
8.286392031407770276e+01
8.360082762039502313e+01
8.456193544539847551e+01
8.425994864984382104e+01
8.342467519324445391e+01
8.389359806156532784e+01
8.274085109576070352e+01
8.208568110106934057e+01
8.278410100780156711e+01
8.318850741554243200e+01
8.349142602920868228e+01
8.375804027793431317e+01
8.398467187175218385e+01
8.362993099978460521e+01
8.330966916697633451e+01
8.446747499103088330e+01
8.464053991779977082e+01
8.635758492811095266e+01
8.515382368832068494e+01
8.568424804692581631e+01
8.652214391392244863e+01
8.626050620175691108e+01
8.693755156949566754e+01
8.874129939569023406e+01
1.352824628068969730e+02
1.345468340919978232e+02
1.350054436466194261e+02
1.346504183604119760e+02
1.346281760199145765e+02
1.348048092675050498e+02
1.348016943031338997e+02
1.350040282901472324e+02
1.352777168973933044e+02
1.352451032894721266e+02
1.353389127687904647e+02
1.353219269367415336e+02
1.354969562584296909e+02
1.358698573093425921e+02
1.354664108721804041e+02
1.347062514972535610e+02
1.346246216059993799e+02
1.351020762305473681e+02
1.357810959272341904e+02
1.355210702239565421e+02
1.349881532344728328e+02
1.351831672807647351e+02
1.344962168455854794e+02
1.340476764356543811e+02
1.344520677442484384e+02
1.347933124805318243e+02
1.348722813792838053e+02
1.348128148849276897e+02
1.349608630703064023e+02
1.344606614445862363e+02
1.342089966634911775e+02
1.349046192750849968e+02
1.350508368131920065e+02
1.360190189640431413e+02
1.352162487233398451e+02
1.355090083039524984e+02
1.360770940773158486e+02
1.358479381983571557e+02
1.360384018648465201e+02
1.371719183444982946e+02
1.370621000008834471e+02
1.369081402157353864e+02
