   3.5783969e+00
   2.7694370e+00
  -1.3498869e+00
   3.0349235e+00
   7.2540422e-01
  -6.3054873e-02
   7.1474290e-01
  -2.0496606e-01
  -1.2414435e-01
   1.4896976e+00
   1.4090345e+00
   1.4171924e+00
   6.7149713e-01
  -1.2074869e+00
   7.1723865e-01
   1.6302353e+00
   4.8889377e-01
   1.0346930e+00
   7.2688513e-01
  -3.0344092e-01
   2.9387147e-01
  -7.8728280e-01
   8.8839563e-01
  -1.1470701e+00
  -1.0688705e+00
  -8.0949869e-01
  -2.9442842e+00
   1.4383803e+00
   3.2519054e-01
  -7.5492832e-01
   1.3702985e+00
  -1.7115164e+00
  -1.0224245e-01
  -2.4144704e-01
   3.1920674e-01
   3.1285860e-01
  -8.6487992e-01
  -3.0051296e-02
  -1.6487902e-01
   6.2770729e-01
   1.0932657e+00
   1.1092733e+00
  -8.6365282e-01
   7.7359091e-02
  -1.2141170e+00
  -1.1135007e+00
  -6.8493281e-03
   1.5326303e+00
  -7.6966591e-01
   3.7137881e-01
  -2.2558440e-01
   1.1173561e+00
  -1.0890643e+00
   3.2557464e-02
   5.5252702e-01
   1.1006102e+00
   1.5442119e+00
   8.5931133e-02
  -1.4915903e+00
  -7.4230184e-01
  -1.0615817e+00
   2.3504572e+00
  -6.1560188e-01
   7.4807678e-01
  -1.9241851e-01
   8.8861043e-01
  -7.6484924e-01
  -1.4022690e+00
  -1.4223759e+00
   4.8819391e-01
  -1.7737516e-01
  -1.9605349e-01
   1.4193102e+00
   2.9158437e-01
   1.9781105e-01
   1.5876991e+00
  -8.0446596e-01
   6.9662442e-01
   8.3508817e-01
  -2.4371514e-01
   2.1567009e-01
  -1.1658439e+00
  -1.1479528e+00
   1.0487472e-01
   7.2225403e-01
   2.5854913e+00
  -6.6689067e-01
   1.8733102e-01
  -8.2494425e-02
  -1.9330229e+00
  -4.3896615e-01
  -1.7946788e+00
   8.4037553e-01
  -8.8803208e-01
   1.0009283e-01
  -5.4452893e-01
   3.0352079e-01
  -6.0032656e-01
   4.8996532e-01
   7.3936312e-01
   1.7118878e+00
  -1.9412354e-01
  -2.1383553e+00
  -8.3958875e-01
   1.3545943e+00
  -1.0721553e+00
   9.6095387e-01
   1.2404980e-01
   1.4366966e+00
  -1.9609000e+00
  -1.9769823e-01
  -1.2078455e+00
   2.9080080e+00
   8.2521889e-01
   1.3789720e+00
  -1.0581803e+00
  -4.6861558e-01
  -2.7246941e-01
   1.0984246e+00
  -2.7787193e-01
   7.0154146e-01
  -2.0518163e+00
  -3.5385000e-01
  -8.2358653e-01
  -1.5770570e+00
   5.0797465e-01
   2.8198406e-01
   3.3479882e-02
  -1.3336779e+00
   1.1274923e+00
   3.5017941e-01
  -2.9906603e-01
   2.2889793e-02
  -2.6199543e-01
  -1.7502124e+00
  -2.8565097e-01
  -8.3136651e-01
  -9.7920631e-01
  -1.1564017e+00
  -5.3355711e-01
  -2.0026357e+00
   9.6422942e-01
   5.2006010e-01
  -2.0027852e-02
  -3.4771086e-02
  -7.9816358e-01
   1.0186853e+00
  -1.3321748e-01
  -7.1453016e-01
   1.3513858e+00
  -2.2477106e-01
  -5.8902903e-01
  -2.9375360e-01
  -8.4792624e-01
  -1.1201283e+00
   2.5259997e+00
   1.6554976e+00
   3.0753516e-01
  -1.2571184e+00
  -8.6546803e-01
  -1.7653411e-01
   7.9141606e-01
  -1.3320044e+00
  -2.3298672e+00
  -1.4490973e+00
   3.3351083e-01
   3.9135360e-01
   4.5167942e-01
  -1.3028465e-01
   1.8368910e-01
  -4.7615302e-01
   8.6202161e-01
  -1.3616945e+00
   4.5502956e-01
  -8.4870938e-01
  -3.3488694e-01
   5.5278335e-01
   1.0390907e+00
  -1.1176387e+00
   1.2606587e+00
   6.6014314e-01
  -6.7865554e-02
  -1.9522120e-01
  -2.1760635e-01
  -3.0310762e-01
   2.3045624e-02
   5.1290356e-02
   8.2606279e-01
   1.5269767e+00
   4.6691444e-01
  -2.0971334e-01
   6.2519036e-01
   1.8322726e-01
  -1.0297675e+00
   9.4922183e-01
   3.0706192e-01
   1.3517494e-01
   5.1524634e-01
   2.6140632e-01
  -9.4148577e-01
  -1.6233767e-01
  -1.4605463e-01
  -5.3201138e-01
   1.6821036e+00
  -8.7572935e-01
  -4.8381505e-01
  -7.1200455e-01
  -1.1742123e+00
  -1.9223952e-01
  -2.7407023e-01
   1.5300725e+00
  -2.4902474e-01
  -1.0642134e+00
   1.6034573e+00
   1.2346791e+00
  -2.2962645e-01
  -1.5061597e+00
  -4.4462782e-01
  -1.5594104e-01
   2.7606825e-01
  -2.6116365e-01
   4.4342191e-01
   3.9189421e-01
  -1.2506789e+00
  -9.4796092e-01
  -7.4110609e-01
  -5.0781755e-01
  -3.2057551e-01
   1.2469041e-02
  -3.0291773e+00
  -4.5701464e-01
   1.2424484e+00
  -1.0667014e+00
   9.3372816e-01
   3.5032100e-01
  -2.9005764e-02
   1.8245217e-01
  -1.5650560e+00
  -8.4539480e-02
   1.6039464e+00
   9.8347775e-02
