   9.9997402e-01
   9.9999115e-01
   1.0000254e+00
   6.3719272e-01
   1.0162316e+00
   1.0000027e+00
   9.9539188e-01
   9.7585665e-01
   3.8882789e-02
   1.0062059e+00
   1.0000895e+00
   9.9991701e-01
   1.0062309e+00
   9.9999115e-01
   1.0000027e+00
  -1.4875781e+00
   1.0000805e+00
   1.0080710e+00
   2.1763170e-01
   1.0774874e+00
   9.9991701e-01
   1.0004771e+00
   1.0017961e+00
   1.0000254e+00
   1.0000254e+00
   1.0000027e+00
   1.0000895e+00
   1.0000254e+00
   9.9950427e-01
   9.9135121e-01
   4.3006226e-01
   1.0000254e+00
   7.4278140e-01
   9.9971561e-01
   1.0008150e+00
   9.9997402e-01
   9.9990097e-01
   1.0000254e+00
   9.9999115e-01
   5.8901733e-01
  -6.7143409e-01
   1.0000027e+00
   9.9998372e-01
   9.9994411e-01
   9.9877023e-01
   9.9877023e-01
   1.0044039e+00
   1.0000027e+00
   1.1681728e+00
   9.9990097e-01
   4.1681034e-01
  -2.6169919e-02
  -3.3523758e-02
   9.9594272e-01
   9.9993064e-01
   9.9012596e-01
   9.9998372e-01
   1.0057936e+00
   9.9947391e-01
   9.9979761e-01
   1.0000027e+00
   1.0000895e+00
   4.0464021e-02
   3.3090498e-01
   1.0041838e+00
   1.0000027e+00
   1.0000027e+00
   1.0000027e+00
   1.0000027e+00
   9.9836088e-01
   9.9991701e-01
  -4.9470347e-01
   9.9135121e-01
   2.1150710e+00
   1.0000805e+00
   9.6666386e-01
   1.0056074e+00
   1.0000895e+00
   2.2158490e-01
   4.1625740e-03
  -7.2878803e-02
   1.0000172e+00
   6.8535612e-01
   9.9971942e-01
  -9.9527987e-01
   1.0003223e+00
  -2.4494761e-02
   1.3503177e+00
   1.0004951e+00
  -3.2164150e-02
   9.9991511e-01
   9.9996680e-01
   1.0000234e+00
   6.4548118e-01
   1.0032381e+00
   1.1346492e+00
   1.2332936e+00
   9.9997402e-01
   9.9994411e-01
   1.2381074e-01
   9.9983310e-01
   1.2621284e+00
   9.5553783e-01
   1.0000254e+00
