   9.9998187e-01
   9.9999118e-01
   1.0000241e+00
   6.3820537e-01
   1.0158976e+00
   9.9999975e-01
   9.9531919e-01
   9.6715396e-01
   6.7192792e-03
   1.0064136e+00
   1.0000771e+00
   9.9993581e-01
   1.0048378e+00
   9.9999118e-01
   9.9999975e-01
  -1.4201727e+00
   1.0000739e+00
   1.0077791e+00
   1.9317555e-01
   1.0802343e+00
   9.9993581e-01
   1.0004320e+00
   1.0017083e+00
   1.0000241e+00
   1.0000241e+00
   9.9999975e-01
   1.0000771e+00
   1.0000241e+00
   9.9957162e-01
   9.9196140e-01
   3.8166580e-01
   1.0000241e+00
   7.4282094e-01
   1.0000580e+00
   1.0006790e+00
   9.9998187e-01
   9.9990268e-01
   1.0000241e+00
   9.9999118e-01
   5.7970143e-01
  -6.2667819e-01
   9.9999975e-01
   9.9998603e-01
   9.9994113e-01
   9.9879134e-01
   9.9879134e-01
   1.0041237e+00
   9.9999975e-01
   1.1676638e+00
   9.9990268e-01
   2.7763461e-01
  -2.9583523e-02
   2.7036843e-03
   9.9626906e-01
   9.9993120e-01
   9.9044102e-01
   9.9998603e-01
   1.0056887e+00
   9.9948380e-01
   9.9981525e-01
   9.9999975e-01
   1.0000771e+00
   3.2237686e-02
   2.2302889e-01
   1.0035685e+00
   9.9999975e-01
   9.9999975e-01
   9.9999975e-01
   9.9999975e-01
   9.9860634e-01
   9.9993581e-01
  -3.6354177e-01
   9.9196140e-01
   2.0690707e+00
   1.0000739e+00
   9.6588029e-01
   1.0053234e+00
   1.0000771e+00
   1.1962479e-01
  -4.6122715e-02
  -5.6286164e-02
   1.0000124e+00
   7.6122378e-01
   9.9964808e-01
  -8.1524834e-01
   1.0002232e+00
  -2.8888516e-02
   1.3363426e+00
   1.0004533e+00
  -1.5398270e-02
   9.9992194e-01
   9.9997208e-01
   1.0000206e+00
   6.5525396e-01
   1.0035402e+00
   1.1002834e+00
   1.1915813e+00
   9.9998187e-01
   9.9994113e-01
   1.2197220e-01
   9.9984533e-01
   1.3096109e+00
   9.7176943e-01
   1.0000241e+00