   8.6836639e+01
   8.6071732e+01
   8.5300619e+01
   8.4522633e+01
   8.3737102e+01
   8.2943349e+01
   8.2140686e+01
   8.1328418e+01
   8.0505837e+01
   7.9672222e+01
   7.8826839e+01
   7.7968935e+01
   7.7097744e+01
   7.6212479e+01
   7.5312333e+01
   7.4396479e+01
   7.3464064e+01
   7.2514214e+01
   7.1546028e+01
   7.0558577e+01
   6.9550905e+01
   6.8522024e+01
   6.7470916e+01
   6.6396530e+01
   6.5297780e+01
   6.4173544e+01
   6.3022664e+01
   6.1843941e+01
   6.0636139e+01
   5.9397978e+01
   5.8128134e+01
   5.6825242e+01
   5.5487888e+01
   5.4114611e+01
   5.2703903e+01
   5.1254205e+01
   4.9763904e+01
   4.8231338e+01
   4.6654788e+01
   4.5032478e+01
   4.6290040e+01
   4.7581078e+01
   4.8906280e+01
   5.0266320e+01
   5.1661855e+01
   5.3093516e+01
   5.4561906e+01
   5.6067589e+01
   5.7611083e+01
   5.9192847e+01
   6.0813276e+01
   6.2472679e+01
   6.4171271e+01
   6.5909151e+01
   6.7686287e+01
   6.9502486e+01
   7.1357379e+01
   7.3250383e+01
   7.5180676e+01
   7.7147163e+01
   7.9148434e+01
   8.1182732e+01
   8.3247909e+01
   8.5341384e+01
   8.7460107e+01
   8.9600520e+01
   9.1758531e+01
   9.3929493e+01
   9.6108199e+01
   9.8288897e+01
   1.0046532e+02
   1.0263076e+02
   1.0477815e+02
   1.0690016e+02
   1.0898939e+02
   1.1103851e+02
   1.1304042e+02
   1.1498847e+02
   1.1687661e+02
   1.1869953e+02
   1.2045280e+02
   1.2213291e+02
   1.2373735e+02
   1.2526458e+02
   1.2671396e+02
   1.2808570e+02
   1.2938078e+02
   1.3060078e+02
   1.3174784e+02
   1.3282447e+02
   1.3383353e+02
   1.3477804e+02
   1.3566121e+02
   1.3648625e+02
   1.3725641e+02
   1.3797489e+02
   1.3864481e+02
   1.3926919e+02
   1.3985094e+02
   1.4039283e+02
   1.4089747e+02
   1.4136737e+02
   1.4180487e+02
   1.4221217e+02
   1.4259134e+02
   1.4294431e+02
   1.4327290e+02
   1.4357880e+02
   1.4386357e+02
   1.4412870e+02
   1.4437553e+02
   1.4460536e+02
   1.4481936e+02
   1.4501863e+02
   1.4520420e+02
   1.4537702e+02
   1.4553798e+02
   1.4568789e+02
   1.4582753e+02
   1.4595761e+02
   1.4607878e+02
   1.4619167e+02
   1.4629684e+02
   1.4639483e+02
   1.4648613e+02
   1.4657120e+02
   1.4665048e+02
   1.4672435e+02
   1.4679319e+02
   1.4685735e+02
   1.4691714e+02
   1.4697287e+02
   1.4702481e+02
   1.4707322e+02
   1.4711835e+02
   1.4716041e+02
   1.4719961e+02
   1.4723616e+02
   1.4727022e+02
   1.4730198e+02
   1.4655441e+02
   1.4585714e+02
   1.4520723e+02
   1.4460183e+02
   1.4403818e+02
   1.4351360e+02
   1.4302556e+02
   1.4257165e+02
   1.4214957e+02
   1.4175717e+02
   1.4139242e+02
   1.4105341e+02
   1.4073834e+02
   1.4044556e+02
   1.4017350e+02
   1.3992070e+02
   1.3968580e+02
   1.3946754e+02
   1.3926474e+02
   1.3907631e+02
   1.3890122e+02
   1.3873853e+02
   1.3858736e+02
   1.3844689e+02
   1.3831636e+02
   1.3819506e+02
   1.3808234e+02
   1.3797759e+02
   1.3788024e+02
   1.3778977e+02
   1.3770569e+02
   1.3762755e+02
   1.3755492e+02
   1.3748742e+02
   1.3742468e+02
   1.3736636e+02
   1.3731216e+02
   1.3726178e+02
   1.3721495e+02
   1.3717142e+02
   1.3713096e+02
   1.3709334e+02
   1.3705838e+02
   1.3702588e+02
   1.3699566e+02
   1.3696758e+02
   1.3694147e+02
   1.3691719e+02
   1.3689463e+02
   1.3687365e+02
   1.3685415e+02
   1.3683602e+02
   1.3681917e+02
   1.3680350e+02
   1.3678893e+02
   1.3677539e+02
   1.3676280e+02
   1.3675109e+02
   1.3674021e+02
   1.3673009e+02
   1.3672068e+02
   1.3671194e+02
   1.3670381e+02
   1.3669625e+02
   1.3668922e+02
   1.3668269e+02
   1.3667661e+02
   1.3667096e+02
   1.3666571e+02
   1.3666083e+02
   1.3665629e+02
   1.3665207e+02
   1.3664815e+02
   1.3664450e+02
   1.3664111e+02
   1.3663795e+02
   1.3663502e+02
   1.3663230e+02
   1.3662976e+02
   1.3662741e+02
   1.3662521e+02
   1.3662318e+02
   1.3662128e+02
   1.3661952e+02
   1.3661789e+02
   1.3661636e+02
   1.3661495e+02
   1.3661363e+02
   1.3661241e+02
   1.3661127e+02
   1.3661021e+02
   1.3660923e+02
   1.3660832e+02
   1.3660747e+02
   1.3660668e+02
   1.3660594e+02
   1.3660526e+02
   1.3660462e+02
   1.3660403e+02
   1.3660348e+02
   1.3660297e+02
